00000000001 01 0001 000001164.87
00000000001 03 0001 000000070.77
00000000002 01 0001 000002339.97
00000000002 03 0001 000000763.00
00000000003 01 0001 000002590.87
00000000003 03 0001 000000880.22
00000000004 01 0001 000001945.65
00000000004 03 0001 000000322.99
00000000005 01 0001 000001266.85
00000000005 03 0001 000000428.99
00000000006 01 0001 000002750.41
00000000006 03 0001 000000396.22
00000000007 01 0001 000001287.09
00000000007 03 0001 000000579.88
00000000008 01 0001 000002368.19
00000000008 03 0001 000000835.11
00000000009 01 0001 000002907.66
00000000009 03 0001 000000260.11
00000000010 01 0001 000001529.20
00000000010 03 0001 000000537.44
00000000011 01 0001 000002072.76
00000000011 03 0001 000000744.77
00000000012 01 0001 000002357.09
00000000012 03 0001 000000762.44
00000000013 01 0001 000002875.87
00000000013 03 0001 000000056.77
00000000014 01 0001 000002171.65
00000000014 03 0001 000000710.66
00000000015 01 0001 000004081.98
00000000015 03 0001 000000358.44
00000000016 01 0001 000001346.87
00000000016 03 0001 000000270.99
00000000017 01 0001 000000343.77
00000000017 03 0001 000000998.33
00000000018 01 0001 000002661.76
00000000018 03 0001 000000113.11
00000000019 01 0001 000002639.19
00000000019 03 0001 000000071.66
00000000020 01 0001 000002453.10
00000000020 03 0001 000000919.00
00000000021 01 0001 000000888.65
00000000021 03 0001 000000041.77
00000000022 01 0001 000003328.86
00000000022 03 0001 000000945.66
00000000023 01 0001 000001881.42
00000000023 03 0001 000000835.44
00000000024 01 0001 000002163.87
00000000024 03 0001 000000641.77
00000000025 01 0001 000001589.76
00000000025 03 0001 000000907.00
00000000026 01 0001 000001519.87
00000000026 03 0001 000000372.00
00000000027 01 0001 000003584.64
00000000027 03 0001 000000372.99
00000000028 01 0001 000000809.00
00000000028 03 0001 000000075.22
00000000029 01 0001 000003170.97
00000000029 03 0001 000000852.33
00000000030 01 0001 000000029.44
00000000030 03 0001 000000930.33
00000000031 01 0001 000000664.32
00000000031 03 0001 000000362.22
00000000032 01 0001 000001173.55
00000000032 03 0001 000000742.99
00000000033 01 0001 000003389.98
00000000033 03 0001 000000445.55
00000000034 01 0001 000002573.87
00000000034 03 0001 000000457.55
00000000035 01 0001 000001339.20
00000000035 03 0001 000000499.99
00000000036 01 0001 000002309.76
00000000036 03 0001 000000439.33
00000000037 01 0001 000000000.00
00000000037 03 0001 000000132.88
00000000038 01 0001 000002987.75
00000000038 03 0001 000000538.22
00000000039 01 0001 000002050.87
00000000039 03 0001 000000070.99
00000000040 01 0001 000001635.09
00000000040 03 0001 000000025.99
00000000041 01 0001 000002399.53
00000000041 03 0001 000000756.66
00000000042 01 0001 000002164.75
00000000042 03 0001 000000501.44
00000000043 01 0001 000002938.19
00000000043 03 0001 000000243.00
00000000044 01 0001 000002012.20
00000000044 03 0001 000000215.33
00000000045 01 0001 000002407.54
00000000045 03 0001 000000344.77
00000000046 01 0001 000003577.41
00000000046 03 0001 000000435.00
00000000047 01 0001 000001598.10
00000000047 03 0001 000000585.44
00000000048 01 0001 000001512.77
00000000048 03 0001 000000535.88
00000000049 01 0001 000001996.08
00000000049 03 0001 000000962.77
00000000050 01 0001 000001501.75
00000000050 03 0001 000000047.88
